HumanoidRootPart 
Close/mid

0.156
0.163
0.1402
0.10
0.108
0.1642
0.132
0.12842
0.11394
0.11983
0.1832
0.10945
0.1398 (far)
0.134379 
0.14333
0.1433431
0.134143
0.137290
0.129762
0.1254432
0.135928
0.1433333333392

 MID / CLOSE / FAR SETS
JUST ADJUST UR AIMPART FOR SOME
0.121192
0.1923441
0.129331234
0.125345
0.162231
0.142934
0.143324
0.1244512
0.193444

MID / CLOSE SETS
0.1344
0.1365
0.1357
0.1355
0.1437
0.11923
0.13772123
0.12313232
0.1332241241231
0.1368123
0.134123
0.134719123
0.15580
0.122738